475
16
2
1
1
6



//VolumeLevel 0
0
1
0
1
5
1
8230
0
0
0
0
50
0
0
0
1286
20000
16384
256
8192
512
12055
32604
32441
23170
1024
5
-96
-80
-70
-12
0
-96
-80
-70
-12
0
50
1000
-2
0
-78
1
250
0
0
16384
512
512
25520
32685
23197
9216
5
-96
-80
-70
-24
0
-96
-96
-70
-24
0
50
1000



//VolumeLevel 1
1
1
0
1
5
1
8230
0
0
0
0
50
0
0
0
1286
20000
16384
256
8192
512
12055
32604
32441
23170
1024
5
-96
-80
-70
-12
0
-96
-80
-70
-12
0
50
1000
-2
0
-78
1
250
0
0
16384
512
512
25520
32685
23197
9216
5
-96
-80
-70
-24
0
-96
-96
-70
-24
0
50
1000



//VolumeLevel 2
2
1
0
1
-7
1
8230
0
0
0
0
50
0
0
0
1286
20000
16384
256
8192
512
12055
32604
32441
23170
1024
5
-96
-80
-70
-12
0
-96
-80
-70
-12
0
50
1000
-2
0
-78
1
250
0
0
16384
512
512
25520
32685
23197
9216
5
-96
-80
-70
-24
0
-96
-96
-70
-24
0
50
1000



//VolumeLevel 3
3
1
0
1
5
1
8230
0
0
0
0
50
0
0
0
1286
20000
16384
256
8192
512
12055
32604
32441
23170
1024
5
-96
-80
-70
-12
0
-96
-80
-70
-12
0
50
1000
-2
0
-78
1
250
0
0
16384
512
512
25520
32685
23197
9216
5
-96
-80
-70
-24
0
-96
-96
-70
-24
0
50
1000



//VolumeLevel 4
4
1
0
1
5
1
8230
0
0
0
0
50
0
0
0
1286
20000
16384
256
8192
512
12055
32604
32441
23170
1024
5
-96
-80
-70
-12
0
-96
-80
-70
-12
0
50
1000
-2
0
-78
1
250
0
0
16384
512
512
25520
32685
23197
9216
5
-96
-80
-70
-24
0
-96
-96
-70
-24
0
50
1000



//VolumeLevel 5
5
1
0
1
5
1
8230
0
0
0
0
50
0
0
0
1286
20000
16384
256
8192
512
12055
32604
32441
23170
1024
5
-78
-68
-50
-12
0
-96
-80
-50
-12
-5
50
1000
-2
0
-78
1
100
0
0
16384
512
512
12055
32442
23170
4096
5
-96
-80
-70
-24
0
-96
-96
-75
-24
0
50
1000



1
0
0
0
10
800
120



1
64
3419
1612
-86
-1062
-1091
-293
-163
-274
-26
208
224
191
161
85
16
-31
-76
-106
-87
-41
-2
6
8
14
21
10
-5
-11
-6
-7
-14
-20
-12
0
8
7
4
2
4
5
4
0
-4
-8
-9
-9
-8
-7
-6
-6
-6
-5
-4
-3
-1
0
0
0
0
0
0
0
0
0
