212
16
3
32
1
1
0
0
0
8192
1
0
1
300
0
7000
1
63
0
8192
2048
0
200
8192
1024
128
8192
800
2
776
14000
10000
550
256
300
512
14000
8000
550
256
300
512
23000
512
10158
28000
512
768
150
12288
16384
1
20480
32
64
64
16800
400
0
0
2549
0
8192
8192
2048
40
2048
1568
32
2048
1568
1
776
32
1024
800
32
1024
800
1
776
1
11470
23062
-11398
-2622
4704
8698
8807
4494
835
481
209
6655
7358
-1669
4806
-598
-880
16
1024
16
181
16384
10000
16000
5000
128
9830
512
12288
9830
0
20
410
5570
8192
512
362
0
0
16384
512
512
25520
32685
23197
9216
0
0
0
5
-80
-70
-50
-24
0
-96
-86
-50
-24
0
50
1000
0
0
1
64
3619
-235
760
907
486
145
77
76
-1
-87
-100
-79
-96
-150
-193
-206
-207
-213
-210
-185
-147
-116
-93
-70
-40
-11
8
21
33
45
55
57
53
47
42
39
34
27
19
10
4
0
-1
-2
-3
-3
-3
-3
-3
-2
-1
0
0
0
0
0
0
0
0
0
0
0
0
0
