212
16
3
2
1
1
0
1
400
8192
1
15
1
300
0
7000
1
191
0
4096
4096
0
128
8192
2048
96
8192
1024
2
767
12000
10000
700
300
256
400
16000
14000
700
400
256
600
12000
280
8230
16384
512
768
150
16384
16384
1
8000
32
64
64
16670
700
0
0
2549
0
8192
8192
2048
40
2048
1568
32
2048
1568
1
776
32
1024
800
32
1024
800
1
776
1
11470
23062
-11398
-2622
4704
8698
8807
4494
835
481
209
6655
7358
-1669
4806
-598
-880
16
1024
16
181
16384
10000
16000
5000
128
9830
512
12288
9830
0
20
410
5570
8192
512
362
0
0
16384
512
512
12055
32442
23170
4096
0
0
1
5
-80
-70
-50
-24
0
-96
-86
-50
-24
0
1000
50
0
0
1
64
2815
-1036
892
975
387
118
138
93
-52
-125
-85
-32
-28
-35
-12
21
31
19
10
11
11
1
-9
-13
-8
-4
-4
-3
0
5
7
5
1
-1
-2
-1
0
-1
-1
-1
0
0
1
1
1
0
0
0
0
0
0
0
0
0
0
0
0
0
0
0
0
0
0
0
